02 01 01 01 01 01 01 01 01 01 01 01 01 01 02
01 -3 -3 -3 -3 -3 -3 -3 -3 -3 -3 -3 -3 -3 01
01 -3 74 05 05 05 05 73 05 05 05 05 74 -3 01
01 -3 05 05 -3 -3 -3 -3 -3 -3 -3 -3 05 -3 01
01 -3 05 72 -3 05 05 -3 05 05 05 -3 05 -3 01
01 -3 -3 -3 -3 05 05 -3 05 70 05 -3 05 -3 01
01 05 73 05 05 05 05 -3 05 05 05 -3 -3 -3 01
01 -3 -3 -3 -3 -3 -3 -2 -3 -3 -3 -3 72 -3 01
01 -3 05 05 05 -3 74 -3 05 05 05 -3 -3 -3 01
01 -3 -3 -3 -3 -3 05 -3 05 05 72 05 05 -3 01
01 05 71 05 05 -3 -3 -3 -3 -3 -3 -3 -3 -3 01
01 05 05 05 05 70 05 -3 05 05 -3 71 05 05 01
01 74 -3 -3 -3 -3 -3 -3 -3 -3 -3 05 05 74 01
01 -3 -3 05 05 05 05 05 05 05 -3 -3 -3 -3 01
02 01 01 01 01 01 01 01 01 01 01 01 01 01 02
















